6

5
5 5 5
6 6 6
9 9 9
9 9 9
9 9 9

10
2 2 2
11 11 11
5 5 5
11 11 11
18 18 18
1 1 1
1 1 1
10 10 10
10 10 10
9 9 9

25
30 1 31
18 28 1
23 36 21
24 16 40
12 22 23
7 48 19
38 2 1
16 11 4
4 24 19
24 25 27
40 25 27
37 29 47
41 19 19
15 13 32
9 28 31
2 16 26
15 31 37
43 43 33
35 22 23
35 23 23
20 46 22
37 35 15
4 5 33
44 13 5
37 12 1

50
47 53 72
66 75 54
58 10 36
85 19 68
54 55 91
28 12 21
10 45 99
49 53 28
82 17 99
90 42 90
58 38 20
55 54 87
71 51 84
88 44 33
37 13 87
79 69 25
84 33 6
25 28 3
8 64 73
68 83 63
68 50 53
38 92 12
100 89 88
75 57 70
16 77 24
21 48 100
35 18 96
66 15 97
44 53 75
15 72 27
33 94 83
37 75 80
98 23 58
78 90 99
62 66 53
56 86 87
99 73 69
70 42 6
75 83 83
71 72 72
81 46 20
94 97 26
75 94 60
63 6 6
33 15 72
83 24 79
54 6 38
74 38 31
6 78 62
27 65 39

75
29 63 67
80 15 57
94 68 62
62 68 75
30 40 74
52 74 93
11 74 27
13 20 93
85 67 43
66 12 88
49 25 37
1 31 67
27 66 75
19 28 74
66 65 32
73 11 10
19 45 11
43 100 11
71 44 90
95 87 28
4 13 100
64 87 55
82 100 76
59 37 43
42 16 26
55 28 14
46 47 33
91 21 78
28 29 72
72 62 48
30 32 27
95 52 94
89 24 86
36 90 3
20 91 26
14 99 89
85 2 39
8 83 90
47 90 52
80 39 26
50 67 83
54 14 44
84 5 89
68 70 63
67 53 59
57 64 59
100 96 20
60 48 70
4 9 94
42 72 48
32 3 27
57 30 25
11 80 24
75 100 59
79 98 40
44 44 91
93 8 20
3 87 59
7 99 67
58 63 57
28 38 6
43 70 56
22 86 19
41 79 15
50 31 76
99 77 27
28 83 20
76 56 64
38 2 67
48 16 5
51 79 92
96 95 95
48 37 42
43 53 70
3 77 41

100
9 74 93
47 6 88
70 84 62
33 25 56
30 74 58
28 99 24
97 7 13
67 89 72
37 7 69
10 70 66
35 38 31
4 53 100
100 9 46
95 10 6
69 61 4
34 25 93
57 97 24
78 54 65
65 5 65
40 73 74
39 42 96
49 29 39
98 89 23
98 75 63
28 69 24
41 59 99
32 1 79
88 65 85
69 27 25
40 43 23
87 88 74
63 5 78
21 97 81
69 92 76
6 16 6
71 87 54
67 67 49
81 89 90
90 30 10
29 30 93
99 84 83
11 69 58
57 60 30
25 63 74
7 18 15
1 29 9
41 54 4
47 89 87
64 85 57
97 93 33
66 24 61
16 98 32
26 63 57
33 68 44
66 98 74
52 73 44
98 1 91
9 78 89
26 4 71
81 7 95
90 60 29
44 81 88
95 51 45
7 11 63
42 44 50
8 69 76
86 3 65
72 86 39
38 38 36
96 64 31
9 43 33
31 63 83
87 58 44
50 17 69
23 59 46
3 45 61
5 99 29
25 10 58
100 100 97
99 100 11
33 28 40
41 17 48
40 29 12
29 27 7
13 5 27
54 38 9
96 62 64
57 71 54
53 70 68
92 77 46
13 50 76
14 36 70
11 84 90
26 40 95
60 2 39
13 21 66
85 40 13
81 87 12
41 57 87
6 44 91
